0 22658
1 23188
2 23212
3 23236
4 43070
5 44912
6 46049
7 47152
8 48187
9 49233
10 50335
11 51473
12 53307
13 31984
14 32008
15 31960
16 32462
17 38792
18 39632
19 40087
20 40290
21 40514
22 41091
23 41306
24 41511
25 41971
26 42825
27 8286
28 8299
29 8311
30 8320
31 5879
32 7300
33 8334
34 9364
35 10781
36 2088
37 3631
38 4921
39 5959
40 4544
41 3770
42 10603
43 11373
44 12661
45 14472
46 12542
47 11768
48 5006
49 5768
50 7570
51 8344
52 9118
53 10928
54 11714
55 10051
56 9277
57 8374
58 7471
59 6697
60 5780
61 7322
62 8354
63 9386
64 10940
65 9140
66 8366
67 7592